32 000
125 001000
79 00100100
84 00100101
112 0010011
100 001010
104 001011
116 0011
48 0100000
67 010000100
58 010000101
124 01000011
60 010001
115 01001
105 0101
110 0110
111 011100
77 0111010
46 0111011
82 01111000
34 01111001
45 01111010
35 01111011
93 011111
101 1000
59 10010
40 100110
41 100111
120 101000
91 101001
103 101010
38 101011000
78 101011001
62 101011010
83 1010110110
33 1010110111
49 1010111
106 101100
108 101101
117 101110
54 1011110000
52 1011110001
121 1011110010
50 1011110011
80 10111101
42 1011111
10 1100
9 1101
114 111000
43 1110010
102 1110011
95 1110100
98 1110101
97 111011
75 11110000
47 11110001
99 1111001
65 11110100
72 11110101
122 11110110
73 111101110
119 111101111
61 111110
109 111111000
71 111111001
44 111111010
76 111111011
123 1111111

